38.11
71.42
68.25
51.44
39.27
30.68
49.43
69.09
92.13
81.48
60.73
28.96
61.77
47.57
49.95
81.29
49.88
89.05
74.8
26.24
43.06
72.05
75.4
44.84
70.96
67.37
38.1
41.09
51.54
76.76
77.26
79.34
36.4
36.38
87.11
36.5
86.76
42.26
38.99
71.28
82.82
42.97
40.01
54.53
74.92
64.85
78.86
78
55.86
84.55
82.44
79.72
70.66
40.73
36.23
35.02
36.19
60.6
38.16
76.95
56.45
91.65
56.73
47.9
41.36
35.42
81.87
33.84
75.7
103.08
65.9
54.59
41.82
36.05
80.37
46.65
63.53
61.25
33.02
50.81
50.41
40.7
40.1
66.64
52.22
79.97
40.38
60.95
86.38
100.78
40.87
88.31
67.21
57.74
59.13
44.37
79.93
50.52
82.16
48.6
64.79
55.34
77.52
67.12
76.78
81.85
41.23
63.28
42.56
52.56
81.14
46.63
79.37
95.2
75.89
44.52
73.09
87.09
78.63
43.45
89.09
82.64
70.59
53.62
89.13
99.3
29.11
59.88
42.36
43.92
59.26
72.08
32.21
42.42
79.13
81.57
68.46
80.15
66.68
54.4
72.86
34.71
72.73
68.51
75.82
74.33
43.81
46.55
42.81
54.71
51.59
42.67
71.98
58.71
68.91
50.52
44.32
48.28
65.69
36.9
84.14
70.59
52.89
45.78
31
37.47
33.58
39.27
87.99
79.95
82.89
74.81
57.09
36.66
54.46
73.22
73.35
67.94
84.13
83.74
45.24
36.61
39.68
96.03
97.76
90.37
42.15
73.04
50.51
43.79
71.61
45.27
36.65
38.17
80.76
38.6
10.87
45.81
76.47
76.36
66.66
63.71
39.71
70.55
76.4
87.58
77.37
94.97
101
35.32
62.18
64.59
82.12
52.52
48.51
60.45
76.15
67.48
33.47
68.15
40.78
74.89
45.4
39.21
80
65.83
63.51
77.96
64.05
63.64
61.43
72.92
42.1
65.76
83.53
58.44
56.55
57.62
52.8
53.93
80.44
75.01
54.88
81.16
79.53
43.62
48.37
66.92
45.98
70.12
86.18
64.67
78.81
40.55
53.47
42.02
88.82
72.13
66.47
35.38
35.79
42.57
59.34
49.08
68.54
72.38
55.31
78.35
62.92
38.19
37.91
42.87
58.89
37.51
68.62
45.68
76.57
35.77
34.66
36.46
35.8
78.54
74.19
82.23
41.7
71.88
68.33
51.71
78.18
45.62
75.84
35.59
48.23
88.63
46.82
79.88
70.04
82.53
51.29
58.92
34.69
85.82
41.12
83.41
60.31
53.41
82.67
65.38
44.33
62.14
63.38
61.29
74.47
42.19
67.04
71.36
93.06
49.82
78.22
35.6
65.86
40.76
71.54
71.9
38.06
46.41
85.48
82.92
57.12
71.63
39.06
84.43
71.92
82.17
86.87
78.75
87.36
64.26
49.85
67.13
36.94
51.7
53.75
82.29
55.4
65.04
53.22
41.71
91.91
44.03
43.53
74.69
52.41
21.06
81.42
68.65
78.53
37.13
83.73
53.41
56.43
50.08
71.83
86.32
40.97
74.77
45.38
81.45
72.94
48.99
24.54
53.62
41.56
63.98
69.18
74.16
45.87
70.32
64.83
72.85
86.81
73.63
48.13
78.64
55.92
35.58
100.14
71.08
44.54
76.61
95.19
46.25
84.09
71.65
58.15
66.91
64.37
37.38
65
80.12
67.25
44.37
71.77
64.02
55.05
68.08
36.49
41.52
58.5
56.9
38.04
48.36
57.05
50.19
87.43
43.51
107.37
70.64
66.6
40.81
40.41
38.19
74.38
77.7
32.66
39.62
61.78
69.22
50.09
40.07
43.23
47.15
81.02
33.12
75.24
38.67
64.4
69.42
84.38
36.04
46.47
46.48
72.71
83.28
59.39
61.91
53.62
60.29
70.27
58.96
73.83
37.5
79
52.7
78.47
84.31
81.11
73.22
41.91
99.84
73.53
35.81
56.99
64.92
91.96
35.96
69.88
61.42
69.83
75.95
67.08
93.02
41.22
65.66
39.33
36.41
52.92
66.13
80.71
56.77
80.02
79.11
73.36
82.17
40.7
47.86
43.35
42.25
51.37
45.19
41.32
80.45
47.5
40.84
41.1
41.78
42.22
70.91
66.17
50.89
